Type,Date,Part of a policing operation,Policing operation,Latitude,Longitude,Gender,Age range,Self-defined ethnicity,Officer-defined ethnicity,Legislation,Object of search,Outcome,Outcome linked to object of search,Removal of more than just outer clothing
Person search,2016-09-01T03:10:00+00:00,,,52.306925,-1.941700,Male,25-34,White - White British (W1),White,Police and Criminal Evidence Act 1984 (section 1),Detailed object of search unavailable,Nothing found - no further action,,
Person and Vehicle search,2016-09-01T09:43:00+00:00,,,,,Female,25-34,White - White British (W1),White,Misuse of Drugs Act 1971 (section 23),Controlled drugs,Nothing found - no further action,,
Person search,2016-09-01T15:44:00+00:00,,,52.767706,-2.546246,Male,25-34,White - White British (W1),White,Police and Criminal Evidence Act 1984 (section 1),Stolen goods,Nothing found - no further action,,
Person search,2016-09-01T19:40:00+00:00,,,52.708858,-2.754519,Male,25-34,White - White British (W1),White,Misuse of Drugs Act 1971 (section 23),Controlled drugs,,True,
Person search,2016-09-01T19:45:00+00:00,,,52.708858,-2.754519,Male,25-34,White - White British (W1),White,Misuse of Drugs Act 1971 (section 23),Controlled drugs,Nothing found - no further action,,
Person search,2016-09-01T21:24:00+00:00,,,,,Male,25-34,White - White British (W1),White,Police and Criminal Evidence Act 1984 (section 1),Stolen goods,Nothing found - no further action,,
Person and Vehicle search,2016-09-01T21:27:00+00:00,,,52.677313,-2.452691,Male,25-34,White - White British (W1),Other,Misuse of Drugs Act 1971 (section 23),Controlled drugs,Nothing found - no further action,,
Person and Vehicle search,2016-09-02T00:29:00+00:00,,,52.057926,-2.142157,Male,over 34,Asian or Asian British - Pakistani (A2),Asian,Misuse of Drugs Act 1971 (section 23),Controlled drugs,Nothing found - no further action,,
Person search,2016-09-02T08:22:00+00:00,,,52.195688,-2.227846,Male,over 34,White - White British (W1),White,Misuse of Drugs Act 1971 (section 23),Controlled drugs,Nothing found - no further action,,
Person search,2016-09-02T11:51:00+00:00,,,52.729124,-2.728155,Male,10-17,White - White British (W1),White,Misuse of Drugs Act 1971 (section 23),Controlled drugs,Nothing found - no further action,,
Person search,2016-09-02T12:35:00+00:00,,,52.754855,-2.887452,Male,18-24,White - White British (W1),White,Criminal Justice Act 1988 (section 139B),Offensive weapons,Nothing found - no further action,,
Person search,2016-09-02T13:18:00+00:00,,,,,Male,18-24,Asian or Asian British - Pakistani (A2),Asian,Misuse of Drugs Act 1971 (section 23),Controlled drugs,Nothing found - no further action,,
Person search,2016-09-02T13:18:00+00:00,,,52.713179,-2.721805,Male,25-34,White - White British (W1),White,Misuse of Drugs Act 1971 (section 23),Controlled drugs,Nothing found - no further action,,
Vehicle search,2016-09-02T13:40:00+00:00,,,52.190066,-2.242899,Other,,,,Criminal Justice Act 1988 (section 139B),Offensive weapons,Suspect arrested,True,
Person search,2016-09-02T15:00:00+00:00,,,,,Male,18-24,White - White British (W1),White,Misuse of Drugs Act 1971 (section 23),Controlled drugs,Nothing found - no further action,,False
Person search,2016-09-02T15:03:00+00:00,,,,,Male,10-17,White - White British (W1),White,Misuse of Drugs Act 1971 (section 23),Controlled drugs,Nothing found - no further action,,False
Person search,2016-09-02T22:54:00+00:00,,,52.717642,-2.540394,Male,18-24,White - White British (W1),White,Misuse of Drugs Act 1971 (section 23),Controlled drugs,,True,
Person search,2016-09-02T23:16:00+00:00,,,,,Female,25-34,White - White British (W1),White,Misuse of Drugs Act 1971 (section 23),Controlled drugs,Nothing found - no further action,,False
Person search,2016-09-03T02:05:00+00:00,,,,,Male,18-24,White - White British (W1),White,Misuse of Drugs Act 1971 (section 23),Controlled drugs,Nothing found - no further action,,
Person search,2016-09-03T12:12:00+00:00,,,,,Male,over 34,White - White British (W1),White,Criminal Justice Act 1988 (section 139B),Offensive weapons,Nothing found - no further action,,False
Person and Vehicle search,2016-09-03T15:59:00+00:00,,,52.048993,-2.719159,Female,18-24,White - White British (W1),White,Misuse of Drugs Act 1971 (section 23),Controlled drugs,Offender given penalty notice,True,
Person and Vehicle search,2016-09-03T17:55:00+00:00,,,52.043804,-2.728130,Male,25-34,White - White British (W1),White,Misuse of Drugs Act 1971 (section 23),Controlled drugs,Nothing found - no further action,,
Person search,2016-09-03T18:23:00+00:00,,,52.380827,-2.021214,Male,18-24,White - White British (W1),White,Misuse of Drugs Act 1971 (section 23),Controlled drugs,Nothing found - no further action,,
Person search,2016-09-03T18:24:00+00:00,,,52.380827,-2.021214,Male,18-24,White - White British (W1),White,Misuse of Drugs Act 1971 (section 23),Controlled drugs,Nothing found - no further action,,
Person search,2016-09-03T18:25:00+00:00,,,52.380827,-2.021214,Male,18-24,White - White British (W1),White,Misuse of Drugs Act 1971 (section 23),Controlled drugs,Nothing found - no further action,,
Person search,2016-09-03T19:54:00+00:00,,,52.188576,-2.507609,Female,18-24,White - White British (W1),White,Misuse of Drugs Act 1971 (section 23),Controlled drugs,Nothing found - no further action,,False
Person and Vehicle search,2016-09-03T21:45:00+00:00,,,52.055641,-2.725828,Male,25-34,White - White British (W1),White,Misuse of Drugs Act 1971 (section 23),Controlled drugs,Nothing found - no further action,,
Person and Vehicle search,2016-09-03T21:45:00+00:00,,,52.055641,-2.725828,Male,18-24,White - White British (W1),White,Misuse of Drugs Act 1971 (section 23),Controlled drugs,Suspect arrested,True,
Person search,2016-09-03T23:15:00+00:00,,,52.339617,-2.049360,Male,over 34,White - White British (W1),White,Criminal Justice Act 1988 (section 139B),Offensive weapons,,False,
Person search,2016-09-03T23:45:00+00:00,,,52.058435,-2.711390,Male,25-34,White - Any other White ethnic background (W9),White,Misuse of Drugs Act 1971 (section 23),Controlled drugs,Suspect arrested,True,False
Person search,2016-09-03T23:45:00+00:00,,,52.058435,-2.711390,Male,25-34,White - Any other White ethnic background (W9),White,Misuse of Drugs Act 1971 (section 23),Controlled drugs,Nothing found - no further action,,
Person search,2016-09-03T23:58:00+00:00,,,52.332184,-2.064144,Male,18-24,White - White British (W1),White,Misuse of Drugs Act 1971 (section 23),Controlled drugs,Nothing found - no further action,,
Person and Vehicle search,2016-09-04T00:40:00+00:00,,,52.306427,-1.936318,Male,,White - White British (W1),White,Police and Criminal Evidence Act 1984 (section 1),Stolen goods,Nothing found - no further action,,
Person and Vehicle search,2016-09-04T01:40:00+00:00,,,52.716377,-2.725115,Male,over 34,White - White British (W1),White,Misuse of Drugs Act 1971 (section 23),Controlled drugs,,True,
Person and Vehicle search,2016-09-04T02:17:00+00:00,,,52.716377,-2.725115,Male,25-34,,,Misuse of Drugs Act 1971 (section 23),Controlled drugs,Offender given drugs possession warning,True,
Person search,2016-09-04T02:23:00+00:00,,,52.197633,-2.201828,Male,18-24,White - White British (W1),White,Misuse of Drugs Act 1971 (section 23),Controlled drugs,Nothing found - no further action,,False
Person search,2016-09-04T03:38:00+00:00,,,52.421933,-2.220483,Male,over 34,White - White British (W1),White,Police and Criminal Evidence Act 1984 (section 1),Article for use in theft,Nothing found - no further action,,
Person search,2016-09-04T11:03:00+00:00,,,52.708030,-2.754727,Male,18-24,White - White British (W1),White,Misuse of Drugs Act 1971 (section 23),Controlled drugs,Nothing found - no further action,,
Person search,2016-09-04T11:49:00+00:00,,,,,Male,18-24,White - White British (W1),White,Misuse of Drugs Act 1971 (section 23),Controlled drugs,Nothing found - no further action,,False
Person search,2016-09-04T11:49:00+00:00,,,52.711801,-2.728133,Male,,White - White British (W1),White,Misuse of Drugs Act 1971 (section 23),Controlled drugs,Nothing found - no further action,,True
Person search,2016-09-04T17:29:00+00:00,,,52.187608,-2.217419,Male,18-24,Asian or Asian British - Pakistani (A2),Asian,Police and Criminal Evidence Act 1984 (section 1),Offensive weapons,Nothing found - no further action,,False
Person search,2016-09-04T17:32:00+00:00,,,52.187608,-2.217419,Male,18-24,Asian or Asian British - Pakistani (A2),Asian,Police and Criminal Evidence Act 1984 (section 1),Offensive weapons,Nothing found - no further action,,False
Person search,2016-09-04T17:35:00+00:00,,,52.188501,-2.215815,Male,10-17,Asian or Asian British - Pakistani (A2),Asian,Police and Criminal Evidence Act 1984 (section 1),Offensive weapons,Nothing found - no further action,,
Person and Vehicle search,2016-09-04T19:13:00+00:00,,,52.320965,-2.077581,Male,18-24,,,Misuse of Drugs Act 1971 (section 23),Controlled drugs,Suspect arrested,True,
Person search,2016-09-04T19:30:00+00:00,,,52.087545,-1.950741,Male,18-24,White - White British (W1),White,Misuse of Drugs Act 1971 (section 23),Controlled drugs,Offender given drugs possession warning,True,
Person and Vehicle search,2016-09-04T19:30:00+00:00,,,52.323439,-2.075311,Female,25-34,White - White British (W1),White,Misuse of Drugs Act 1971 (section 23),Controlled drugs,Nothing found - no further action,,
Person and Vehicle search,2016-09-04T19:30:00+00:00,,,52.197059,-2.225424,Male,25-34,Black or Black British - African (B2),Black,Misuse of Drugs Act 1971 (section 23),Controlled drugs,Nothing found - no further action,,False
Person search,2016-09-04T19:40:00+00:00,,,52.221723,-2.198527,Male,18-24,White - White British (W1),White,Misuse of Drugs Act 1971 (section 23),Controlled drugs,Nothing found - no further action,,
Person search,2016-09-04T22:57:00+00:00,,,52.062080,-2.721105,Male,18-24,White - Any other White ethnic background (W9),White,Police and Criminal Evidence Act 1984 (section 1),Article for use in theft,Offender given drugs possession warning,True,
Person and Vehicle search,2016-09-05T17:18:00+00:00,,,,,Male,25-34,White - White British (W1),White,Police and Criminal Evidence Act 1984 (section 1),Article for use in theft,Nothing found - no further action,,
Person and Vehicle search,2016-09-05T17:22:00+00:00,,,,,Male,25-34,White - White British (W1),White,Police and Criminal Evidence Act 1984 (section 1),Article for use in theft,Nothing found - no further action,,
Person and Vehicle search,2016-09-05T17:47:00+00:00,,,,,Male,25-34,Not Stated (NS),White,Police and Criminal Evidence Act 1984 (section 1),Article for use in theft,Nothing found - no further action,,
Person search,2016-09-05T23:20:00+00:00,,,52.046748,-2.727376,Male,25-34,White - White British (W1),White,Police and Criminal Evidence Act 1984 (section 1),Article for use in theft,Suspect arrested,True,
Person search,2016-09-06T00:20:00+00:00,,,,,Male,25-34,White - White British (W1),White,Criminal Justice Act 1988 (section 139B),Offensive weapons,Nothing found - no further action,,
Person search,2016-09-06T01:06:00+00:00,,,52.696267,-2.503019,Male,25-34,White - White British (W1),White,Misuse of Drugs Act 1971 (section 23),Controlled drugs,Nothing found - no further action,,
Person search,2016-09-06T14:19:00+00:00,,,52.708030,-2.754727,Male,25-34,White - White British (W1),White,Misuse of Drugs Act 1971 (section 23),Controlled drugs,Nothing found - no further action,,
Person search,2016-09-06T15:15:00+00:00,,,52.708858,-2.754519,Male,25-34,White - White British (W1),White,Police and Criminal Evidence Act 1984 (section 1),Stolen goods,Nothing found - no further action,,
Person search,2016-09-06T15:55:00+00:00,,,52.057050,-2.714446,Male,25-34,White - Any other White ethnic background (W9),White,Police and Criminal Evidence Act 1984 (section 1),Stolen goods,Suspect arrested,True,
Person and Vehicle search,2016-09-07T01:25:00+00:00,,,52.199884,-2.224780,Male,over 34,Black or Black British - Any other Black ethnic background (B9),Black,Misuse of Drugs Act 1971 (section 23),Controlled drugs,Suspect arrested,False,
Person search,2016-09-07T09:51:00+00:00,,,52.713305,-2.742176,Male,over 34,White - White British (W1),White,Criminal Justice Act 1988 (section 139B),Offensive weapons,Nothing found - no further action,,
Person search,2016-09-07T15:11:00+00:00,,,52.036967,-2.740250,Male,18-24,White - Any other White ethnic background (W9),White,Misuse of Drugs Act 1971 (section 23),Controlled drugs,Offender given drugs possession warning,True,
Person search,2016-09-07T17:25:00+00:00,,,52.309836,-1.958578,Male,10-17,White - White British (W1),White,Criminal Justice Act 1988 (section 139B),Offensive weapons,Nothing found - no further action,,
Person search,2016-09-08T09:17:00+00:00,,,52.732261,-2.720862,Male,10-17,White - White British (W1),White,Misuse of Drugs Act 1971 (section 23),Controlled drugs,Nothing found - no further action,,
Person and Vehicle search,2016-09-08T09:20:00+00:00,,,52.138019,-1.886587,Male,over 34,White - White British (W1),White,Police and Criminal Evidence Act 1984 (section 1),Detailed object of search unavailable,Suspect arrested,True,
Person search,2016-09-08T12:08:00+00:00,,,52.709656,-2.739169,Male,over 34,White - White British (W1),White,Misuse of Drugs Act 1971 (section 23),Controlled drugs,Nothing found - no further action,,
Person search,2016-09-08T12:08:00+00:00,,,52.710290,-2.738395,Female,25-34,White - White British (W1),White,Misuse of Drugs Act 1971 (section 23),Controlled drugs,Nothing found - no further action,,
Person search,2016-09-08T12:08:00+00:00,,,52.710290,-2.738395,Male,over 34,White - White British (W1),White,Misuse of Drugs Act 1971 (section 23),Controlled drugs,Nothing found - no further action,,
Person search,2016-09-08T17:40:00+00:00,,,52.187275,-2.511148,Male,25-34,White - White British (W1),White,Police and Criminal Evidence Act 1984 (section 1),Articles for use in criminal damage,Nothing found - no further action,,
Person search,2016-09-08T18:28:00+00:00,,,52.057080,-2.710990,Male,25-34,White - White British (W1),White,Misuse of Drugs Act 1971 (section 23),Controlled drugs,Nothing found - no further action,,
Person search,2016-09-08T19:20:00+00:00,,,52.390600,-2.265012,Male,25-34,Black or Black British - Caribbean (B1),Asian,Misuse of Drugs Act 1971 (section 23),Controlled drugs,Nothing found - no further action,,
Person and Vehicle search,2016-09-08T22:10:00+00:00,,,52.056736,-2.711393,Male,25-34,White - White British (W1),White,Police and Criminal Evidence Act 1984 (section 1),Article for use in theft,Nothing found - no further action,,
Person and Vehicle search,2016-09-08T22:12:00+00:00,,,52.056736,-2.711393,Male,25-34,White - White British (W1),White,Police and Criminal Evidence Act 1984 (section 1),Article for use in theft,Nothing found - no further action,,
Person and Vehicle search,2016-09-08T22:13:00+00:00,,,52.056736,-2.711393,Male,25-34,White - White British (W1),White,Police and Criminal Evidence Act 1984 (section 1),Article for use in theft,Nothing found - no further action,,
Person search,2016-09-08T23:53:00+00:00,,,52.390600,-2.265012,Male,over 34,White - White British (W1),White,Police and Criminal Evidence Act 1984 (section 1),Article for use in theft,Suspect arrested,True,
Person search,2016-09-09T00:04:00+00:00,,,52.680549,-2.438539,Male,25-34,White - White British (W1),White,Police and Criminal Evidence Act 1984 (section 1),Offensive weapons,Nothing found - no further action,,
Person search,2016-09-09T01:12:00+00:00,,,52.365887,-2.724266,Male,25-34,White - White British (W1),White,Misuse of Drugs Act 1971 (section 23),Controlled drugs,Nothing found - no further action,,False
Person search,2016-09-09T01:13:00+00:00,,,52.365887,-2.724266,Male,18-24,White - White British (W1),White,Misuse of Drugs Act 1971 (section 23),Controlled drugs,Offender given drugs possession warning,True,
Person search,2016-09-09T01:15:00+00:00,,,52.365887,-2.724266,Male,18-24,White - White British (W1),White,Misuse of Drugs Act 1971 (section 23),Controlled drugs,Nothing found - no further action,,
Person search,2016-09-09T03:13:00+00:00,,,52.689986,-2.742047,Male,over 34,White - White British (W1),White,Police and Criminal Evidence Act 1984 (section 1),Stolen goods,Suspect arrested,True,False
Person search,2016-09-09T10:38:00+00:00,,,52.197059,-2.225424,Male,25-34,White - White British (W1),White,Police and Criminal Evidence Act 1984 (section 1),Stolen goods,Nothing found - no further action,,
Person search,2016-09-09T10:38:00+00:00,,,52.197059,-2.225424,Male,25-34,White - White British (W1),White,Police and Criminal Evidence Act 1984 (section 1),Stolen goods,Nothing found - no further action,,
Person and Vehicle search,2016-09-09T13:50:00+00:00,,,52.306427,-1.936318,Male,25-34,White - White British (W1),White,Police and Criminal Evidence Act 1984 (section 1),Article for use in theft,Nothing found - no further action,,
Person and Vehicle search,2016-09-09T13:50:00+00:00,,,52.382379,-1.900508,Male,25-34,White - White British (W1),White,Police and Criminal Evidence Act 1984 (section 1),Article for use in theft,Nothing found - no further action,,
Person search,2016-09-09T17:14:00+00:00,,,52.386208,-2.246708,Female,over 34,White - White British (W1),White,Criminal Justice Act 1988 (section 139B),Offensive weapons,Nothing found - no further action,,
Person search,2016-09-09T17:16:00+00:00,,,52.390600,-2.265012,Male,over 34,White - White British (W1),White,Criminal Justice Act 1988 (section 139B),Offensive weapons,Nothing found - no further action,,False
Person search,2016-09-09T21:53:00+00:00,,,52.339617,-2.049360,Male,10-17,White - White British (W1),White,Criminal Justice Act 1988 (section 139B),Offensive weapons,Nothing found - no further action,,
Person search,2016-09-09T23:32:00+00:00,,,52.266917,-2.150446,Male,18-24,Mixed - White and Black Caribbean (M1),Black,Criminal Justice Act 1988 (section 139B),Offensive weapons,Nothing found - no further action,,
Person search,2016-09-10T01:43:00+00:00,,,52.056736,-2.711393,Male,25-34,White - Any other White ethnic background (W9),White,Misuse of Drugs Act 1971 (section 23),Controlled drugs,Offender cautioned,True,
Person search,2016-09-10T02:37:00+00:00,,,,,Male,25-34,White - White British (W1),White,Misuse of Drugs Act 1971 (section 23),Controlled drugs,,True,
Person search,2016-09-10T14:37:55+00:00,,,,,Male,10-17,Black or Black British - Any other Black ethnic background (B9),Black,Criminal Justice Act 1988 (section 139B),Offensive weapons,Nothing found - no further action,,False
Person and Vehicle search,2016-09-10T16:00:00+00:00,,,,,Male,10-17,White - White British (W1),White,Misuse of Drugs Act 1971 (section 23),Controlled drugs,Offender given drugs possession warning,True,
Person and Vehicle search,2016-09-10T16:34:30+00:00,,,51.996017,-2.375129,Male,10-17,White - White British (W1),White,Misuse of Drugs Act 1971 (section 23),Controlled drugs,Nothing found - no further action,,
Person and Vehicle search,2016-09-10T16:34:30+00:00,,,51.996017,-2.375129,Male,18-24,White - White British (W1),White,Misuse of Drugs Act 1971 (section 23),Controlled drugs,Nothing found - no further action,,
Person and Vehicle search,2016-09-10T16:34:30+00:00,,,,,Male,10-17,White - White British (W1),White,Misuse of Drugs Act 1971 (section 23),Controlled drugs,Offender given drugs possession warning,True,
Person search,2016-09-10T21:50:00+00:00,,,52.878312,-2.715570,Female,10-17,Mixed - White and Black African (M2),Other,Criminal Justice Act 1988 (section 139B),Offensive weapons,Nothing found - no further action,,
Person search,2016-09-10T23:00:00+00:00,,,52.306798,-1.924745,Female,10-17,White - White British (W1),White,Misuse of Drugs Act 1971 (section 23),Controlled drugs,Nothing found - no further action,,
Person search,2016-09-10T23:00:00+00:00,,,52.306798,-1.924745,Male,18-24,White - White British (W1),White,Misuse of Drugs Act 1971 (section 23),Controlled drugs,Offender given drugs possession warning,True,
Person search,2016-09-10T23:00:00+00:00,,,52.306798,-1.924745,Female,18-24,White - White British (W1),White,Misuse of Drugs Act 1971 (section 23),Controlled drugs,Nothing found - no further action,,
Person search,2016-09-10T23:00:00+00:00,,,52.306798,-1.924745,Male,18-24,White - White British (W1),White,Misuse of Drugs Act 1971 (section 23),Controlled drugs,Offender given drugs possession warning,True,
Person search,2016-09-10T23:32:00+00:00,,,52.350231,-2.227892,Male,over 34,White - White British (W1),White,Police and Criminal Evidence Act 1984 (section 1),Article for use in theft,Nothing found - no further action,,
Person search,2016-09-10T23:38:00+00:00,,,,,Male,18-24,White - Any other White ethnic background (W9),White,Misuse of Drugs Act 1971 (section 23),Controlled drugs,Nothing found - no further action,,
Person search,2016-09-10T23:40:00+00:00,,,,,Male,18-24,White - Any other White ethnic background (W9),White,Misuse of Drugs Act 1971 (section 23),Controlled drugs,Nothing found - no further action,,
Person search,2016-09-10T23:45:00+00:00,,,52.039898,-2.734540,Male,25-34,White - Any other White ethnic background (W9),White,Misuse of Drugs Act 1971 (section 23),Controlled drugs,Nothing found - no further action,,
Person search,2016-09-10T23:45:00+00:00,,,52.039898,-2.734540,Male,18-24,White - Any other White ethnic background (W9),White,Misuse of Drugs Act 1971 (section 23),Controlled drugs,Nothing found - no further action,,
Person and Vehicle search,2016-09-11T00:36:00+00:00,,,52.716750,-2.743271,Male,10-17,White - White British (W1),White,Misuse of Drugs Act 1971 (section 23),Controlled drugs,,True,
Person search,2016-09-11T10:40:00+00:00,,,52.765758,-2.376765,Male,over 34,White - White British (W1),White,Police and Criminal Evidence Act 1984 (section 1),Stolen goods,Nothing found - no further action,,
Person search,2016-09-11T11:24:00+00:00,,,52.716793,-2.740681,Male,10-17,White - White British (W1),White,Criminal Justice Act 1988 (section 139B),Offensive weapons,Nothing found - no further action,,
Person search,2016-09-11T11:25:00+00:00,,,52.719152,-2.740099,Male,10-17,White - White British (W1),White,Misuse of Drugs Act 1971 (section 23),Controlled drugs,Nothing found - no further action,,
Person search,2016-09-11T17:10:00+00:00,,,52.718015,-2.721930,Male,10-17,White - White British (W1),White,Police and Criminal Evidence Act 1984 (section 1),Stolen goods,Nothing found - no further action,,
Person search,2016-09-11T17:12:00+00:00,,,52.718015,-2.721930,Male,10-17,White - White British (W1),White,Police and Criminal Evidence Act 1984 (section 1),Stolen goods,Nothing found - no further action,,
Person search,2016-09-11T17:25:00+00:00,,,52.042697,-2.731115,Male,18-24,White - White British (W1),White,Misuse of Drugs Act 1971 (section 23),Controlled drugs,Nothing found - no further action,,
Person search,2016-09-11T17:25:00+00:00,,,52.042697,-2.731115,Male,18-24,White - White British (W1),White,Misuse of Drugs Act 1971 (section 23),Controlled drugs,Nothing found - no further action,,
Person and Vehicle search,2016-09-11T19:58:00+00:00,,,52.862351,-3.054982,Male,over 34,White - White British (W1),White,Misuse of Drugs Act 1971 (section 23),Controlled drugs,Nothing found - no further action,,
Person search,2016-09-11T21:41:00+00:00,,,52.070497,-2.722291,Female,over 34,White - White British (W1),White,Misuse of Drugs Act 1971 (section 23),Controlled drugs,Nothing found - no further action,,True
Person search,2016-09-12T07:05:00+00:00,,,52.056736,-2.711393,Male,over 34,White - Any other White ethnic background (W9),White,Police and Criminal Evidence Act 1984 (section 1),Article for use in theft,Suspect arrested,True,
Person search,2016-09-12T09:27:00+00:00,,,52.266426,-2.147631,Male,25-34,White - White British (W1),White,Misuse of Drugs Act 1971 (section 23),Controlled drugs,Nothing found - no further action,,
Person and Vehicle search,2016-09-12T11:06:00+00:00,,,52.186817,-2.217225,Male,18-24,Not Stated (NS),Black,Misuse of Drugs Act 1971 (section 23),Controlled drugs,Nothing found - no further action,,True
Person and Vehicle search,2016-09-12T11:25:00+00:00,,,52.337776,-2.078946,Male,18-24,Mixed - White and Black Caribbean (M1),Black,Misuse of Drugs Act 1971 (section 23),Controlled drugs,Nothing found - no further action,,
Person and Vehicle search,2016-09-12T11:25:00+00:00,,,52.337776,-2.078946,Male,25-34,White - White British (W1),White,Misuse of Drugs Act 1971 (section 23),Controlled drugs,Suspect arrested,True,
Person and Vehicle search,2016-09-12T11:25:00+00:00,,,52.337776,-2.078946,Male,18-24,White - White British (W1),White,Misuse of Drugs Act 1971 (section 23),Controlled drugs,Suspect arrested,True,
Person and Vehicle search,2016-09-12T13:05:00+00:00,,,52.093687,-1.934226,Male,over 34,White - White British (W1),White,Misuse of Drugs Act 1971 (section 23),Controlled drugs,Offender given drugs possession warning,True,
Person search,2016-09-12T17:25:00+00:00,,,52.673092,-2.456419,Male,10-17,White - White British (W1),White,Police and Criminal Evidence Act 1984 (section 1),Stolen goods,Suspect arrested,False,
Person search,2016-09-12T17:25:00+00:00,,,52.673092,-2.456419,Male,10-17,White - White British (W1),White,Police and Criminal Evidence Act 1984 (section 1),Stolen goods,Suspect arrested,False,
Person search,2016-09-12T22:05:00+00:00,,,52.677313,-2.452691,Male,10-17,White - White British (W1),White,Police and Criminal Evidence Act 1984 (section 1),Detailed object of search unavailable,,True,
Person search,2016-09-12T22:37:00+00:00,,,52.106555,-2.317726,Female,10-17,Black or Black British - Any other Black ethnic background (B9),Black,Police and Criminal Evidence Act 1984 (section 1),Stolen goods,Nothing found - no further action,,
Person and Vehicle search,2016-09-12T22:50:00+00:00,,,,,Male,25-34,Black or Black British - Caribbean (B1),Black,Misuse of Drugs Act 1971 (section 23),Controlled drugs,Nothing found - no further action,,
Person and Vehicle search,2016-09-13T00:29:00+00:00,,,52.075894,-1.951980,Female,,White - White British (W1),White,Police and Criminal Evidence Act 1984 (section 1),Stolen goods,Suspect summonsed to court,False,
Person search,2016-09-13T01:35:00+00:00,,,52.390600,-2.265012,Male,10-17,White - White Irish (W2),White,Police and Criminal Evidence Act 1984 (section 1),Article for use in theft,Nothing found - no further action,,
Person and Vehicle search,2016-09-13T01:37:00+00:00,,,52.390600,-2.265012,Male,25-34,White - White British (W1),White,Police and Criminal Evidence Act 1984 (section 1),Article for use in theft,Nothing found - no further action,,
Person search,2016-09-13T03:20:00+00:00,,,,,Male,18-24,Asian or Asian British - Pakistani (A2),Asian,Misuse of Drugs Act 1971 (section 23),Controlled drugs,Offender given drugs possession warning,True,
Person and Vehicle search,2016-09-13T13:49:00+00:00,,,52.099151,-1.947721,Male,over 34,White - White British (W1),White,Police and Criminal Evidence Act 1984 (section 1),Stolen goods,Nothing found - no further action,,False
Person and Vehicle search,2016-09-13T15:40:00+00:00,,,52.041801,-2.733565,Female,10-17,White - White British (W1),White,Misuse of Drugs Act 1971 (section 23),Controlled drugs,Suspect arrested,True,
Person and Vehicle search,2016-09-13T15:40:00+00:00,,,52.041801,-2.733565,Male,10-17,White - White British (W1),White,Misuse of Drugs Act 1971 (section 23),Controlled drugs,Suspect arrested,True,
Person and Vehicle search,2016-09-13T15:40:00+00:00,,,52.041801,-2.733565,Female,18-24,White - White British (W1),White,Misuse of Drugs Act 1971 (section 23),Controlled drugs,Nothing found - no further action,,
Person search,2016-09-13T17:00:00+00:00,,,,,Male,18-24,White - White British (W1),White,Misuse of Drugs Act 1971 (section 23),Controlled drugs,Nothing found - no further action,,
Person and Vehicle search,2016-09-13T18:45:00+00:00,,,52.386711,-1.880222,Male,25-34,White - White British (W1),White,Misuse of Drugs Act 1971 (section 23),Controlled drugs,Suspect arrested,True,
Person and Vehicle search,2016-09-13T19:20:00+00:00,,,52.865535,-2.527124,Male,25-34,White - White British (W1),White,Misuse of Drugs Act 1971 (section 23),Controlled drugs,Nothing found - no further action,,
Person and Vehicle search,2016-09-13T19:30:00+00:00,,,52.631733,-2.443621,Male,18-24,White - White British (W1),White,Criminal Justice Act 1988 (section 139B),Offensive weapons,Offender cautioned,True,
Person and Vehicle search,2016-09-13T19:48:49+00:00,,,52.056736,-2.711393,Male,18-24,White - White British (W1),White,Misuse of Drugs Act 1971 (section 23),Controlled drugs,Suspect arrested,True,
Person search,2016-09-13T20:00:00+00:00,,,,,Male,18-24,White - White British (W1),White,Misuse of Drugs Act 1971 (section 23),Controlled drugs,Offender given drugs possession warning,True,
Person search,2016-09-13T20:02:00+00:00,,,52.376298,-2.003481,Male,18-24,White - White British (W1),White,Misuse of Drugs Act 1971 (section 23),Controlled drugs,Offender cautioned,True,
Person search,2016-09-14T11:12:00+00:00,,,52.283388,-1.911973,Female,10-17,White - White British (W1),White,Misuse of Drugs Act 1971 (section 23),Controlled drugs,Suspect summonsed to court,True,True
Person search,2016-09-14T15:00:00+00:00,,,52.710832,-2.738034,Male,25-34,Black or Black British - African (B2),Black,Misuse of Drugs Act 1971 (section 23),Controlled drugs,Nothing found - no further action,,True
Person search,2016-09-14T15:00:00+00:00,,,52.713305,-2.742176,Female,18-24,White - White British (W1),White,Misuse of Drugs Act 1971 (section 23),Controlled drugs,Nothing found - no further action,,True
Person search,2016-09-14T15:14:00+00:00,,,52.716377,-2.725115,Male,over 34,Black or Black British - African (B2),Black,Misuse of Drugs Act 1971 (section 23),Controlled drugs,Suspect arrested,False,
Person and Vehicle search,2016-09-14T15:30:00+00:00,,,52.058912,-2.715759,Male,25-34,Mixed - White and Black Caribbean (M1),Black,Police and Criminal Evidence Act 1984 (section 1),Stolen goods,Suspect arrested,True,
Person search,2016-09-14T15:42:00+00:00,,,,,Male,over 34,White - White British (W1),White,Police and Criminal Evidence Act 1984 (section 1),Stolen goods,,True,
Person and Vehicle search,2016-09-14T17:41:00+00:00,,,52.689470,-2.536140,Male,25-34,White - White British (W1),White,Misuse of Drugs Act 1971 (section 23),Controlled drugs,Nothing found - no further action,,
Person and Vehicle search,2016-09-14T17:41:00+00:00,,,52.689470,-2.536140,Female,18-24,White - White British (W1),White,Misuse of Drugs Act 1971 (section 23),Controlled drugs,Nothing found - no further action,,
Person and Vehicle search,2016-09-14T17:45:00+00:00,,,52.365773,-1.959275,Female,25-34,White - White British (W1),White,Misuse of Drugs Act 1971 (section 23),Controlled drugs,Suspect arrested,True,
Person search,2016-09-14T18:39:00+00:00,,,52.712730,-2.750707,Male,18-24,White - White British (W1),White,Misuse of Drugs Act 1971 (section 23),Controlled drugs,Nothing found - no further action,,
Person search,2016-09-14T18:58:00+00:00,,,52.717665,-2.746469,Male,over 34,White - White British (W1),White,Misuse of Drugs Act 1971 (section 23),Controlled drugs,Suspect arrested,True,
Person search,2016-09-14T19:41:00+00:00,,,52.860921,-3.040792,Male,25-34,White - White British (W1),White,Misuse of Drugs Act 1971 (section 23),Controlled drugs,Nothing found - no further action,,
Person search,2016-09-15T00:36:00+00:00,,,52.216484,-2.731610,Other,,,,Misuse of Drugs Act 1971 (section 23),Detailed object of search unavailable,Nothing found - no further action,,
Person search,2016-09-15T02:45:00+00:00,,,,,Male,25-34,White - White British (W1),White,Police and Criminal Evidence Act 1984 (section 1),Stolen goods,Nothing found - no further action,,
Person search,2016-09-15T09:00:00+00:00,,,52.047021,-2.722452,Male,25-34,White - White British (W1),White,Misuse of Drugs Act 1971 (section 23),Controlled drugs,Nothing found - no further action,,
Person search,2016-09-15T09:42:00+00:00,,,52.307805,-1.940936,Male,25-34,White - Any other White ethnic background (W9),White,Misuse of Drugs Act 1971 (section 23),Controlled drugs,Nothing found - no further action,,
Person search,2016-09-15T09:42:00+00:00,,,52.306925,-1.941700,Male,over 34,White - White British (W1),White,Police and Criminal Evidence Act 1984 (section 1),Controlled drugs,Offender cautioned,True,
Person search,2016-09-15T09:42:00+00:00,,,52.306925,-1.941700,Male,over 34,White - White British (W1),White,Misuse of Drugs Act 1971 (section 23),Controlled drugs,Offender given penalty notice,True,
Person search,2016-09-15T09:42:00+00:00,,,52.306925,-1.941700,Male,over 34,White - White British (W1),White,Misuse of Drugs Act 1971 (section 23),Controlled drugs,Nothing found - no further action,,
Person search,2016-09-15T14:28:00+00:00,,,52.192118,-2.223439,Male,over 34,White - White British (W1),White,Criminal Justice Act 1988 (section 139B),Offensive weapons,Nothing found - no further action,,False
Person and Vehicle search,2016-09-15T15:20:00+00:00,,,52.339617,-2.049360,Male,25-34,White - White British (W1),White,Misuse of Drugs Act 1971 (section 23),Controlled drugs,Nothing found - no further action,,
Person and Vehicle search,2016-09-15T15:26:00+00:00,,,52.302555,-1.899998,Male,over 34,Black or Black British - Caribbean (B1),Black,Misuse of Drugs Act 1971 (section 23),Controlled drugs,Nothing found - no further action,,
Person and Vehicle search,2016-09-15T17:00:00+00:00,,,52.641638,-2.436997,Male,25-34,White - Any other White ethnic background (W9),White,Misuse of Drugs Act 1971 (section 23),Controlled drugs,Nothing found - no further action,,
Person and Vehicle search,2016-09-15T17:43:00+00:00,,,52.638829,-2.454732,Male,25-34,White - White British (W1),,Misuse of Drugs Act 1971 (section 23),Controlled drugs,Offender given drugs possession warning,True,
Person search,2016-09-15T20:45:00+00:00,,,52.205393,-2.211404,Male,25-34,White - White British (W1),White,Misuse of Drugs Act 1971 (section 23),Controlled drugs,Nothing found - no further action,,
Person search,2016-09-15T20:45:00+00:00,,,52.205393,-2.211404,Male,10-17,White - White British (W1),White,Misuse of Drugs Act 1971 (section 23),Controlled drugs,Nothing found - no further action,,
Person search,2016-09-15T22:12:00+00:00,,,52.212561,-2.143617,Male,over 34,White - White British (W1),White,Misuse of Drugs Act 1971 (section 23),Controlled drugs,Nothing found - no further action,,
Person and Vehicle search,2016-09-15T22:12:00+00:00,,,52.197059,-2.225424,Male,over 34,White - White British (W1),White,Misuse of Drugs Act 1971 (section 23),Controlled drugs,Nothing found - no further action,,True
Person and Vehicle search,2016-09-15T22:12:00+00:00,,,52.337346,-2.283142,Female,25-34,White - White British (W1),White,Misuse of Drugs Act 1971 (section 23),Controlled drugs,Nothing found - no further action,,True
Person and Vehicle search,2016-09-15T22:25:00+00:00,,,52.405684,-1.904248,Male,25-34,White - White British (W1),White,Misuse of Drugs Act 1971 (section 23),Controlled drugs,Suspect arrested,False,
Person search,2016-09-15T22:27:00+00:00,,,52.056366,-2.720488,Female,18-24,White - White British (W1),White,Misuse of Drugs Act 1971 (section 23),Controlled drugs,Offender given drugs possession warning,True,
Person search,2016-09-15T23:35:00+00:00,,,52.389538,-2.022467,Male,18-24,White - White British (W1),White,Misuse of Drugs Act 1971 (section 23),Controlled drugs,Offender given drugs possession warning,True,
Person search,2016-09-15T23:44:00+00:00,,,52.389429,-2.029755,Male,18-24,White - White British (W1),White,Police and Criminal Evidence Act 1984 (section 1),Article for use in theft,Nothing found - no further action,,
Person search,2016-09-16T01:11:00+00:00,,,,,Male,25-34,White - White British (W1),White,Misuse of Drugs Act 1971 (section 23),Controlled drugs,Nothing found - no further action,,
Person and Vehicle search,2016-09-16T01:16:00+00:00,,,,,Male,25-34,Asian or Asian British - Pakistani (A2),Asian,Misuse of Drugs Act 1971 (section 23),Controlled drugs,Suspect arrested,True,
Person search,2016-09-16T03:28:00+00:00,,,52.400397,-1.883272,Male,over 34,Asian or Asian British - Pakistani (A2),Asian,Misuse of Drugs Act 1971 (section 23),Controlled drugs,Nothing found - no further action,,
Person and Vehicle search,2016-09-16T10:35:00+00:00,,,52.199686,-2.188772,Male,25-34,Asian or Asian British - Indian (A1),Asian,Misuse of Drugs Act 1971 (section 23),Controlled drugs,Suspect arrested,True,
Person search,2016-09-16T18:45:00+00:00,,,,,Female,10-17,White - White British (W1),White,Misuse of Drugs Act 1971 (section 23),Controlled drugs,Nothing found - no further action,,
Person search,2016-09-16T18:45:00+00:00,,,,,Male,18-24,White - White British (W1),White,Misuse of Drugs Act 1971 (section 23),Controlled drugs,Nothing found - no further action,,
Person search,2016-09-16T18:45:00+00:00,,,,,Male,18-24,White - White British (W1),White,Misuse of Drugs Act 1971 (section 23),Controlled drugs,Nothing found - no further action,,
Person search,2016-09-16T18:45:00+00:00,,,,,Female,10-17,White - White British (W1),White,Misuse of Drugs Act 1971 (section 23),Controlled drugs,Nothing found - no further action,,
Person and Vehicle search,2016-09-16T19:43:00+00:00,,,52.294204,-1.540024,Male,25-34,White - White British (W1),White,Misuse of Drugs Act 1971 (section 23),Controlled drugs,Nothing found - no further action,,
Person search,2016-09-16T19:47:00+00:00,,,52.294204,-1.540024,Male,18-24,White - White British (W1),White,Misuse of Drugs Act 1971 (section 23),Controlled drugs,Suspect summonsed to court,True,
Person search,2016-09-17T00:33:00+00:00,,,52.056687,-2.725364,Male,18-24,White - White British (W1),White,Misuse of Drugs Act 1971 (section 23),Controlled drugs,Offender given drugs possession warning,True,
Person search,2016-09-17T01:20:00+00:00,,,52.414366,-2.149889,Male,25-34,White - White British (W1),White,Criminal Justice Act 1988 (section 139B),Offensive weapons,,True,
Person and Vehicle search,2016-09-17T05:20:00+00:00,,,52.340218,-2.052707,Male,25-34,Black or Black British - Caribbean (B1),Black,Misuse of Drugs Act 1971 (section 23),Controlled drugs,Suspect arrested,False,
Person search,2016-09-17T09:45:00+00:00,,,52.708968,-2.751413,Male,over 34,White - White British (W1),White,Police and Criminal Evidence Act 1984 (section 1),Stolen goods,Suspect arrested,True,
Person and Vehicle search,2016-09-17T18:10:00+00:00,,,52.362359,-2.056625,Male,18-24,White - White British (W1),White,Misuse of Drugs Act 1971 (section 23),Controlled drugs,Suspect arrested,False,
Person search,2016-09-17T23:35:00+00:00,,,52.192196,-2.220353,Male,25-34,White - White British (W1),White,Misuse of Drugs Act 1971 (section 23),Controlled drugs,Nothing found - no further action,,False
Person search,2016-09-18T00:05:00+00:00,,,52.057648,-2.712268,Male,18-24,White - White British (W1),White,Misuse of Drugs Act 1971 (section 23),Controlled drugs,Nothing found - no further action,,
Person and Vehicle search,2016-09-18T03:07:00+00:00,,,52.698007,-2.516594,Male,18-24,Asian or Asian British - Pakistani (A2),Asian,Criminal Justice Act 1988 (section 139B),Offensive weapons,Nothing found - no further action,,
Person and Vehicle search,2016-09-18T05:12:00+00:00,,,,,Male,over 34,Asian or Asian British - Pakistani (A2),Asian,Police and Criminal Evidence Act 1984 (section 1),Stolen goods,,True,
Person search,2016-09-18T12:02:00+00:00,,,52.711801,-2.728133,Male,18-24,White - White British (W1),White,Misuse of Drugs Act 1971 (section 23),Controlled drugs,Nothing found - no further action,,
Person search,2016-09-18T12:02:00+00:00,,,52.711801,-2.728133,Male,25-34,White - White British (W1),White,Misuse of Drugs Act 1971 (section 23),Controlled drugs,Nothing found - no further action,,False
Person and Vehicle search,2016-09-18T14:40:00+00:00,,,52.215153,-2.162653,Male,25-34,Black or Black British - Caribbean (B1),Black,Misuse of Drugs Act 1971 (section 23),Controlled drugs,Nothing found - no further action,,
Person and Vehicle search,2016-09-18T15:15:00+00:00,,,52.396230,-1.878183,Male,18-24,White - White British (W1),White,Misuse of Drugs Act 1971 (section 23),Controlled drugs,Nothing found - no further action,,
Person and Vehicle search,2016-09-18T15:15:00+00:00,,,52.396230,-1.878183,Male,over 34,White - White British (W1),White,Misuse of Drugs Act 1971 (section 23),Controlled drugs,Suspect arrested,False,
Person and Vehicle search,2016-09-18T15:42:00+00:00,,,52.058730,-2.720613,Male,25-34,White - White British (W1),White,Misuse of Drugs Act 1971 (section 23),Controlled drugs,Nothing found - no further action,,
Person search,2016-09-18T15:42:00+00:00,,,52.056366,-2.720488,Male,over 34,White - White British (W1),White,Misuse of Drugs Act 1971 (section 23),Controlled drugs,Nothing found - no further action,,
Person and Vehicle search,2016-09-18T15:42:00+00:00,,,52.057073,-2.723999,Male,over 34,White - White British (W1),White,Misuse of Drugs Act 1971 (section 23),Controlled drugs,Nothing found - no further action,,
Person search,2016-09-18T15:42:00+00:00,,,52.056366,-2.720488,Male,over 34,White - White British (W1),White,Misuse of Drugs Act 1971 (section 23),Controlled drugs,Nothing found - no further action,,False
Person search,2016-09-18T15:45:00+00:00,,,52.390600,-2.265012,Male,over 34,White - White British (W1),White,Misuse of Drugs Act 1971 (section 23),Controlled drugs,Nothing found - no further action,,
Person and Vehicle search,2016-09-18T15:45:00+00:00,,,52.056736,-2.711393,Male,over 34,White - White British (W1),White,Misuse of Drugs Act 1971 (section 23),Controlled drugs,Suspect arrested,False,
Person search,2016-09-18T15:45:00+00:00,,,52.202535,-3.032740,Male,10-17,White - White British (W1),White,Criminal Justice Act 1988 (section 139B),Offensive weapons,,False,False
Person search,2016-09-18T15:45:00+00:00,,,52.056762,-2.713099,Female,25-34,White - White British (W1),White,Misuse of Drugs Act 1971 (section 23),Controlled drugs,Suspect arrested,True,True
Person search,2016-09-18T15:50:00+00:00,,,52.202535,-3.032740,Male,10-17,White - White British (W1),White,Criminal Justice Act 1988 (section 139B),Offensive weapons,Nothing found - no further action,,
Person search,2016-09-18T15:55:00+00:00,,,52.045217,-2.735050,Male,over 34,White - White British (W1),White,Misuse of Drugs Act 1971 (section 23),Controlled drugs,Nothing found - no further action,,
Person search,2016-09-18T15:55:00+00:00,,,52.045217,-2.735050,Female,25-34,White - White British (W1),White,Misuse of Drugs Act 1971 (section 23),Controlled drugs,Nothing found - no further action,,
Person search,2016-09-18T15:56:00+00:00,,,52.045217,-2.735050,Male,over 34,White - White British (W1),White,Misuse of Drugs Act 1971 (section 23),Controlled drugs,Nothing found - no further action,,
Person search,2016-09-18T16:17:00+00:00,,,52.224756,-2.988135,Male,10-17,Chinese or other ethnic group - Any other ethnic group (O9),Other,Criminal Justice Act 1988 (section 139B),Offensive weapons,Nothing found - no further action,,
Person and Vehicle search,2016-09-18T17:17:00+00:00,,,52.861639,-3.042963,Male,25-34,White - White British (W1),White,Misuse of Drugs Act 1971 (section 23),Controlled drugs,Nothing found - no further action,,
Person and Vehicle search,2016-09-18T20:15:00+00:00,,,52.394369,-1.954414,Male,25-34,White - White British (W1),White,Misuse of Drugs Act 1971 (section 23),Controlled drugs,Suspect arrested,False,
Person search,2016-09-19T02:21:00+00:00,,,52.267433,-2.154800,Male,18-24,White - White British (W1),White,Criminal Justice Act 1988 (section 139B),Offensive weapons,Nothing found - no further action,,
Person search,2016-09-19T17:24:00+00:00,,,52.704744,-2.498840,Male,18-24,White - White British (W1),White,Misuse of Drugs Act 1971 (section 23),Controlled drugs,Suspect arrested,True,
Person search,2016-09-19T20:11:00+00:00,,,,,Male,10-17,White - White British (W1),White,Misuse of Drugs Act 1971 (section 23),Controlled drugs,,True,
Person search,2016-09-19T20:11:00+00:00,,,,,Male,10-17,White - White British (W1),White,Police and Criminal Evidence Act 1984 (section 1),Stolen goods,Suspect arrested,True,
Person search,2016-09-19T22:26:00+00:00,,,52.055829,-2.711130,Male,18-24,White - White British (W1),White,Misuse of Drugs Act 1971 (section 23),Controlled drugs,Nothing found - no further action,,
Person search,2016-09-19T22:31:00+00:00,,,52.055829,-2.711130,Male,18-24,Black or Black British - Any other Black ethnic background (B9),Black,Misuse of Drugs Act 1971 (section 23),Controlled drugs,Nothing found - no further action,,False
Person search,2016-09-20T01:45:00+00:00,,,,,Male,,White - White British (W1),White,Police and Criminal Evidence Act 1984 (section 1),Stolen goods,Suspect arrested,True,
Person and Vehicle search,2016-09-20T01:56:00+00:00,,,,,Other,,,,Police and Criminal Evidence Act 1984 (section 1),Stolen goods,Suspect arrested,True,
Person and Vehicle search,2016-09-20T09:30:00+00:00,,,52.087545,-1.950741,Female,over 34,White - White British (W1),White,Misuse of Drugs Act 1971 (section 23),Controlled drugs,Nothing found - no further action,,False
Person search,2016-09-21T00:50:00+00:00,,,52.706693,-2.477372,Male,over 34,White - White British (W1),White,Firearms Act 1968 (section 47),Firearms,Nothing found - no further action,,
Person search,2016-09-21T10:32:00+00:00,,,52.716503,-2.742512,Male,25-34,White - White British (W1),White,Misuse of Drugs Act 1971 (section 23),Controlled drugs,Nothing found - no further action,,
Person search,2016-09-21T10:32:00+00:00,,,52.716503,-2.742512,Male,25-34,White - White British (W1),White,Misuse of Drugs Act 1971 (section 23),Controlled drugs,Nothing found - no further action,,
Person search,2016-09-21T16:00:00+00:00,,,52.664009,-2.468744,Male,25-34,White - White British (W1),White,Police and Criminal Evidence Act 1984 (section 1),Stolen goods,Nothing found - no further action,,
Person search,2016-09-21T22:49:00+00:00,,,,,Male,18-24,White - White British (W1),White,Misuse of Drugs Act 1971 (section 23),Controlled drugs,Nothing found - no further action,,False
Person search,2016-09-21T22:49:00+00:00,,,,,Male,18-24,Black or Black British - African (B2),Black,Misuse of Drugs Act 1971 (section 23),Controlled drugs,Nothing found - no further action,,
Person and Vehicle search,2016-09-22T01:43:00+00:00,,,52.530475,-2.418011,Male,over 34,White - White British (W1),White,Misuse of Drugs Act 1971 (section 23),Controlled drugs,Suspect arrested,False,False
Person and Vehicle search,2016-09-22T01:43:00+00:00,,,52.530475,-2.418011,Male,over 34,White - White British (W1),White,Misuse of Drugs Act 1971 (section 23),Controlled drugs,Suspect arrested,False,
Person and Vehicle search,2016-09-22T03:20:00+00:00,,,,,Male,25-34,White - White British (W1),White,Police and Criminal Evidence Act 1984 (section 1),Stolen goods,Nothing found - no further action,,
Person search,2016-09-22T08:38:00+00:00,,,52.268552,-2.158643,Male,25-34,White - White British (W1),White,Police and Criminal Evidence Act 1984 (section 1),Stolen goods,Nothing found - no further action,,
Person and Vehicle search,2016-09-22T10:35:00+00:00,,,52.716377,-2.725115,Male,over 34,White - White British (W1),White,Misuse of Drugs Act 1971 (section 23),Controlled drugs,Suspect arrested,True,False
Person search,2016-09-22T12:35:00+00:00,,,52.055856,-2.714193,Male,10-17,White - White British (W1),White,Misuse of Drugs Act 1971 (section 23),Controlled drugs,Offender cautioned,True,
Person and Vehicle search,2016-09-22T20:15:00+00:00,,,52.092021,-1.903679,Male,18-24,Mixed - White and Black Caribbean (M1),White,Misuse of Drugs Act 1971 (section 23),Controlled drugs,Nothing found - no further action,,
Person search,2016-09-22T22:20:00+00:00,,,,,Male,18-24,Black or Black British - African (B2),Black,Misuse of Drugs Act 1971 (section 23),Controlled drugs,Nothing found - no further action,,False
Person and Vehicle search,2016-09-22T22:23:00+00:00,,,,,Male,25-34,Black or Black British - Caribbean (B1),Black,Misuse of Drugs Act 1971 (section 23),Controlled drugs,Nothing found - no further action,,
Person search,2016-09-22T23:52:00+00:00,,,52.846336,-3.033969,Male,over 34,White - White British (W1),White,Misuse of Drugs Act 1971 (section 23),Controlled drugs,,False,
Person search,2016-09-23T00:11:00+00:00,,,52.327030,-2.067907,Male,over 34,White - White British (W1),White,Police and Criminal Evidence Act 1984 (section 1),Article for use in theft,Nothing found - no further action,,False
Person and Vehicle search,2016-09-23T04:26:00+00:00,,,,,Male,25-34,White - White British (W1),White,Misuse of Drugs Act 1971 (section 23),Controlled drugs,Nothing found - no further action,,
Person search,2016-09-23T09:11:00+00:00,,,,,Male,over 34,White - White British (W1),White,Misuse of Drugs Act 1971 (section 23),Controlled drugs,,True,
Person and Vehicle search,2016-09-23T10:50:00+00:00,,,51.993905,-2.733816,Male,18-24,White - White British (W1),White,Misuse of Drugs Act 1971 (section 23),Controlled drugs,Nothing found - no further action,,
Person and Vehicle search,2016-09-23T10:50:00+00:00,,,51.993905,-2.733816,Male,25-34,White - White British (W1),White,Misuse of Drugs Act 1971 (section 23),Controlled drugs,Nothing found - no further action,,
Person search,2016-09-23T12:43:00+00:00,,,52.710652,-2.756622,Male,10-17,White - White British (W1),White,Police and Criminal Evidence Act 1984 (section 1),Articles for use in criminal damage,Local resolution,True,
Person search,2016-09-23T13:59:00+00:00,,,52.056749,-2.716687,Male,18-24,Chinese or other ethnic group - Chinese (O1),Other,Misuse of Drugs Act 1971 (section 23),Controlled drugs,Nothing found - no further action,,
Person search,2016-09-23T15:29:00+00:00,,,52.197951,-2.224639,Male,over 34,White - White British (W1),White,Police and Criminal Evidence Act 1984 (section 1),Stolen goods,Nothing found - no further action,,
Person search,2016-09-23T16:10:00+00:00,,,52.387847,-2.258002,Male,25-34,White - White British (W1),White,Misuse of Drugs Act 1971 (section 23),Controlled drugs,,True,
Person search,2016-09-23T16:10:00+00:00,,,52.387847,-2.258002,Male,25-34,White - White British (W1),White,Misuse of Drugs Act 1971 (section 23),Controlled drugs,Nothing found - no further action,,False
Person search,2016-09-24T01:37:00+00:00,,,52.288002,-2.611794,Female,25-34,White - Any other White ethnic background (W9),White,Misuse of Drugs Act 1971 (section 23),Controlled drugs,Suspect arrested,True,
Person search,2016-09-24T01:39:00+00:00,,,52.288002,-2.611794,Female,18-24,White - White British (W1),White,Misuse of Drugs Act 1971 (section 23),Controlled drugs,Nothing found - no further action,,
Person and Vehicle search,2016-09-24T02:33:00+00:00,,,,,Male,25-34,Black or Black British - Any other Black ethnic background (B9),Black,Misuse of Drugs Act 1971 (section 23),Controlled drugs,Suspect arrested,True,False
Person search,2016-09-24T02:45:00+00:00,,,52.093083,-1.950210,Male,18-24,White - White British (W1),White,Police and Criminal Evidence Act 1984 (section 1),Article for use in theft,Nothing found - no further action,,
Person search,2016-09-24T03:00:00+00:00,,,52.093083,-1.950210,Male,18-24,White - White British (W1),White,Police and Criminal Evidence Act 1984 (section 1),Article for use in theft,Nothing found - no further action,,
Person search,2016-09-24T03:09:00+00:00,,,52.635971,-2.454658,Male,25-34,White - White British (W1),White,Misuse of Drugs Act 1971 (section 23),Controlled drugs,Nothing found - no further action,,
Person and Vehicle search,2016-09-24T10:22:00+00:00,,,52.050616,-2.719724,Male,25-34,White - White Irish (W2),White,Police and Criminal Evidence Act 1984 (section 1),Stolen goods,Nothing found - no further action,,
Person search,2016-09-24T16:50:00+00:00,,,52.227768,-2.740053,Female,over 34,White - White British (W1),White,Misuse of Drugs Act 1971 (section 23),Controlled drugs,Nothing found - no further action,,
Person search,2016-09-24T16:50:00+00:00,,,52.227768,-2.740053,Male,over 34,White - White British (W1),White,Misuse of Drugs Act 1971 (section 23),Controlled drugs,Nothing found - no further action,,
Person and Vehicle search,2016-09-24T22:38:00+00:00,,,52.339617,-2.049360,Male,18-24,White - White British (W1),White,Misuse of Drugs Act 1971 (section 23),Controlled drugs,Suspect arrested,True,
Person and Vehicle search,2016-09-25T00:12:00+00:00,,,52.706627,-2.487080,Male,25-34,Asian or Asian British - Pakistani (A2),Asian,Misuse of Drugs Act 1971 (section 23),Controlled drugs,Nothing found - no further action,,
Person and Vehicle search,2016-09-25T00:12:00+00:00,,,52.707484,-2.492877,Other,,Asian or Asian British - Any other Asian ethnic background (A9),Asian,Misuse of Drugs Act 1971 (section 23),Controlled drugs,Nothing found - no further action,,
Person and Vehicle search,2016-09-25T00:16:00+00:00,,,52.706627,-2.487080,Male,25-34,Asian or Asian British - Pakistani (A2),Asian,Misuse of Drugs Act 1971 (section 23),Controlled drugs,Nothing found - no further action,,
Person and Vehicle search,2016-09-25T00:50:00+00:00,,,,,Male,18-24,White - White British (W1),White,Misuse of Drugs Act 1971 (section 23),Controlled drugs,Suspect arrested,True,
Person and Vehicle search,2016-09-25T00:50:00+00:00,,,,,Male,18-24,White - White British (W1),White,Misuse of Drugs Act 1971 (section 23),Controlled drugs,Nothing found - no further action,,
Person search,2016-09-25T01:19:00+00:00,,,51.916143,-2.582662,Male,25-34,White - White British (W1),White,Misuse of Drugs Act 1971 (section 23),Controlled drugs,Nothing found - no further action,,
Person and Vehicle search,2016-09-25T08:50:00+00:00,,,52.861366,-3.057498,Male,over 34,White - White British (W1),White,Misuse of Drugs Act 1971 (section 23),Controlled drugs,Suspect arrested,True,
Person and Vehicle search,2016-09-25T08:54:00+00:00,,,52.861861,-3.055475,Male,over 34,White - White British (W1),White,Misuse of Drugs Act 1971 (section 23),Controlled drugs,Nothing found - no further action,,
Person search,2016-09-25T14:32:00+00:00,,,52.388305,-2.250026,Male,over 34,White - White British (W1),White,Misuse of Drugs Act 1971 (section 23),Controlled drugs,Nothing found - no further action,,True
Person and Vehicle search,2016-09-26T01:34:00+00:00,,,52.195228,-2.176742,Male,over 34,White - White British (W1),White,Misuse of Drugs Act 1971 (section 23),Controlled drugs,Nothing found - no further action,,
Person and Vehicle search,2016-09-26T01:34:00+00:00,,,52.195228,-2.176742,Female,25-34,White - White British (W1),White,Misuse of Drugs Act 1971 (section 23),Controlled drugs,Nothing found - no further action,,
Person search,2016-09-26T02:54:00+00:00,,,52.965268,-2.680186,Male,25-34,White - White British (W1),White,Criminal Justice Act 1988 (section 139B),Offensive weapons,Nothing found - no further action,,
Person search,2016-09-26T15:10:00+00:00,,,52.901346,-2.490065,Male,18-24,White - White British (W1),White,Misuse of Drugs Act 1971 (section 23),Controlled drugs,Nothing found - no further action,,True
Person and Vehicle search,2016-09-26T18:30:00+00:00,,,,,Male,25-34,White - White British (W1),White,Misuse of Drugs Act 1971 (section 23),Controlled drugs,Offender given drugs possession warning,True,
Person and Vehicle search,2016-09-26T18:30:00+00:00,,,52.197059,-2.225424,Female,18-24,White - White British (W1),White,Misuse of Drugs Act 1971 (section 23),Controlled drugs,Offender given drugs possession warning,True,
Person search,2016-09-26T22:15:00+00:00,,,52.710928,-2.758314,Male,25-34,White - White British (W1),White,Misuse of Drugs Act 1971 (section 23),Controlled drugs,Offender given penalty notice,True,
Person search,2016-09-26T22:58:00+00:00,,,52.048993,-2.719159,Male,25-34,White - White British (W1),White,Misuse of Drugs Act 1971 (section 23),Controlled drugs,Nothing found - no further action,,
Person and Vehicle search,2016-09-26T23:22:00+00:00,,,,,Male,over 34,White - White British (W1),White,Police and Criminal Evidence Act 1984 (section 1),Article for use in theft,Nothing found - no further action,,False
Person and Vehicle search,2016-09-26T23:22:00+00:00,,,,,Male,over 34,White - White British (W1),White,Police and Criminal Evidence Act 1984 (section 1),Article for use in theft,Nothing found - no further action,,False
Person and Vehicle search,2016-09-27T10:30:00+00:00,,,52.192849,-2.212603,Male,25-34,White - White British (W1),White,Misuse of Drugs Act 1971 (section 23),Controlled drugs,Nothing found - no further action,,True
Person and Vehicle search,2016-09-27T10:30:00+00:00,,,52.192192,-2.212936,Male,18-24,Black or Black British - Caribbean (B1),Other,Misuse of Drugs Act 1971 (section 23),Controlled drugs,Nothing found - no further action,,
Person and Vehicle search,2016-09-27T10:34:00+00:00,,,52.192192,-2.212936,Male,18-24,Mixed - Any other Mixed ethnic background (M9),Black,Misuse of Drugs Act 1971 (section 23),Controlled drugs,Nothing found - no further action,,False
Person and Vehicle search,2016-09-27T13:16:00+00:00,,,52.855195,-3.050872,Male,over 34,White - White British (W1),White,Misuse of Drugs Act 1971 (section 23),Controlled drugs,Offender cautioned,True,
Person and Vehicle search,2016-09-27T13:16:00+00:00,,,52.855195,-3.050872,Female,over 34,White - White British (W1),White,Misuse of Drugs Act 1971 (section 23),Controlled drugs,Suspect arrested,True,
Person search,2016-09-27T13:48:00+00:00,,,52.706112,-2.749528,Male,25-34,White - White British (W1),White,Police and Criminal Evidence Act 1984 (section 1),Stolen goods,Nothing found - no further action,,
Person search,2016-09-27T16:53:00+00:00,,,52.392235,-2.024202,Female,over 34,White - White British (W1),White,Criminal Justice Act 1988 (section 139B),Offensive weapons,Nothing found - no further action,,True
Person and Vehicle search,2016-09-27T20:05:00+00:00,,,52.185078,-2.175970,Male,18-24,White - White British (W1),White,Misuse of Drugs Act 1971 (section 23),Controlled drugs,Nothing found - no further action,,
Person search,2016-09-27T20:20:00+00:00,,,52.047793,-2.472984,Male,10-17,White - White British (W1),White,Criminal Justice Act 1988 (section 139B),Offensive weapons,Suspect arrested,False,
Person and Vehicle search,2016-09-27T23:30:00+00:00,,,52.382661,-2.299226,Male,18-24,White - White British (W1),White,Misuse of Drugs Act 1971 (section 23),Controlled drugs,Nothing found - no further action,,
Person and Vehicle search,2016-09-27T23:53:11+00:00,,,52.391246,-2.265678,Male,,White - White British (W1),Other,Misuse of Drugs Act 1971 (section 23),Controlled drugs,Nothing found - no further action,,
Person search,2016-09-28T00:00:00+00:00,,,52.425870,-2.091472,Male,18-24,White - White British (W1),White,Misuse of Drugs Act 1971 (section 23),Controlled drugs,Offender given drugs possession warning,True,
Person search,2016-09-28T00:42:00+00:00,,,52.435640,-2.082034,Male,18-24,White - White British (W1),White,Misuse of Drugs Act 1971 (section 23),Controlled drugs,Offender given drugs possession warning,True,
Person search,2016-09-28T10:19:00+00:00,,,52.708030,-2.754727,Male,25-34,White - White British (W1),White,Misuse of Drugs Act 1971 (section 23),Controlled drugs,Suspect arrested,True,
Person search,2016-09-28T10:30:00+00:00,,,52.709609,-2.752371,Male,25-34,White - White British (W1),White,Misuse of Drugs Act 1971 (section 23),Controlled drugs,Nothing found - no further action,,
Person search,2016-09-28T10:32:00+00:00,,,52.708192,-2.751784,Male,over 34,White - White British (W1),White,Misuse of Drugs Act 1971 (section 23),Controlled drugs,Nothing found - no further action,,
Person and Vehicle search,2016-09-28T18:00:00+00:00,,,52.858297,-3.030347,Male,18-24,White - White British (W1),White,Criminal Justice Act 1988 (section 139B),Offensive weapons,Nothing found - no further action,,
Person search,2016-09-28T19:44:00+00:00,,,52.043804,-2.728130,Male,25-34,White - White British (W1),White,Misuse of Drugs Act 1971 (section 23),Controlled drugs,Offender given drugs possession warning,True,
Person search,2016-09-28T21:02:00+00:00,,,52.863987,-3.035562,Male,10-17,White - White British (W1),White,Misuse of Drugs Act 1971 (section 23),Controlled drugs,Nothing found - no further action,,False
Person search,2016-09-28T21:04:00+00:00,,,52.866441,-3.037626,Male,10-17,White - White British (W1),White,Misuse of Drugs Act 1971 (section 23),Controlled drugs,Nothing found - no further action,,False
Person and Vehicle search,2016-09-28T22:56:00+00:00,,,52.914943,-3.068797,Male,over 34,White - White British (W1),White,Misuse of Drugs Act 1971 (section 23),Controlled drugs,Nothing found - no further action,,
Person search,2016-09-29T01:52:00+00:00,,,52.196772,-2.225013,Male,25-34,White - White British (W1),White,Police and Criminal Evidence Act 1984 (section 1),Article for use in theft,Nothing found - no further action,,
Person search,2016-09-29T04:05:00+00:00,,,52.678117,-2.451664,Male,25-34,White - White British (W1),White,Police and Criminal Evidence Act 1984 (section 1),Stolen goods,Suspect arrested,True,
Person search,2016-09-29T04:06:00+00:00,,,52.678117,-2.451664,Female,25-34,White - White British (W1),White,Police and Criminal Evidence Act 1984 (section 1),Stolen goods,Suspect arrested,True,
Person search,2016-09-29T11:09:00+00:00,,,,,Male,over 34,White - White British (W1),White,Misuse of Drugs Act 1971 (section 23),Controlled drugs,Nothing found - no further action,,
Person search,2016-09-29T11:10:00+00:00,,,52.090341,-1.949936,Male,18-24,White - White British (W1),White,Misuse of Drugs Act 1971 (section 23),Controlled drugs,Nothing found - no further action,,False
Person and Vehicle search,2016-09-29T16:53:00+00:00,,,52.861900,-3.056070,Female,over 34,White - White British (W1),White,Misuse of Drugs Act 1971 (section 23),Controlled drugs,Nothing found - no further action,,
Person and Vehicle search,2016-09-29T16:56:00+00:00,,,52.861900,-3.056070,Male,over 34,White - White British (W1),White,Misuse of Drugs Act 1971 (section 23),Controlled drugs,Nothing found - no further action,,
Person search,2016-09-30T00:05:00+00:00,,,52.188775,-2.232082,Male,25-34,White - White British (W1),White,Police and Criminal Evidence Act 1984 (section 1),Stolen goods,Suspect arrested,False,False
Person search,2016-09-30T01:07:00+00:00,,,52.859480,-3.054303,Female,25-34,White - White British (W1),White,Misuse of Drugs Act 1971 (section 23),Controlled drugs,Nothing found - no further action,,
Person search,2016-09-30T08:09:00+00:00,,,52.048993,-2.719159,Male,10-17,White - Any other White ethnic background (W9),White,,Stolen goods,,True,False
Person search,2016-09-30T08:09:00+00:00,,,52.048669,-2.722070,Male,10-17,White - White British (W1),White,Police and Criminal Evidence Act 1984 (section 1),Stolen goods,Local resolution,True,
Person search,2016-09-30T20:46:00+00:00,,,52.718790,-2.727435,Male,18-24,Not Stated (NS),White,Police and Criminal Evidence Act 1984 (section 1),Stolen goods,Nothing found - no further action,,
Person and Vehicle search,2016-09-30T20:48:00+00:00,,,52.425870,-2.091472,Male,18-24,White - White British (W1),Other,Misuse of Drugs Act 1971 (section 23),Controlled drugs,Offender given drugs possession warning,True,
Person search,2016-09-30T20:50:00+00:00,,,52.718790,-2.727435,Male,over 34,Not Stated (NS),White,Police and Criminal Evidence Act 1984 (section 1),Stolen goods,Nothing found - no further action,,
Person and Vehicle search,2016-09-30T20:52:00+00:00,,,52.425870,-2.091472,Female,18-24,White - White British (W1),White,Misuse of Drugs Act 1971 (section 23),Controlled drugs,Nothing found - no further action,,
Person and Vehicle search,2016-09-30T20:54:00+00:00,,,52.425870,-2.091472,Female,18-24,White - White British (W1),White,Misuse of Drugs Act 1971 (section 23),Controlled drugs,Nothing found - no further action,,
Person search,2016-09-30T22:17:00+00:00,,,,,Male,25-34,White - White British (W1),White,Misuse of Drugs Act 1971 (section 23),Controlled drugs,Nothing found - no further action,,
